image_width: 640
image_height: 480
camera_name: camera
camera_matrix:
  rows: 3
  cols: 3
  data: [673.4081466114878, 0, 315.0504541606432, 0, 674.1273990757652, 232.0688758385037, 0, 0, 1]
distortion_model: plumb_bob
distortion_coefficients:
  rows: 1
  cols: 5
  data: [-0.1662314322077608, 0.05216844061616398, 0.0009315466730174233, -0.003306363887613784, 0]
rectification_matrix:
  rows: 3
  cols: 3
  data: [0.9956852313067327, 0.007534463725610964, -0.09248865884001944, -0.007554232623063698, 0.9999714570817505, 0.0001363498351787769, 0.09248704626667831, 0.0005629193266940811, 0.9957137286362465]
projection_matrix:
  rows: 3
  cols: 4
  data: [674.8500017487929, 0, 392.2121181488037, -104.5625022102999, 0, 674.8500017487929, 229.6561584472656, 0, 0, 0, 1, 0]
